 164 179 174 171 166 166 165 163 158 160 161 165 161 161 173 170
 161 152 153 111 109 131 147  92  84  87  88  94  90  88  92  91
 164 137 155 106 115 153 130  39  33  32  34  33  34  34  35  35
 162 129 149  97  91 134 128  43  34  32  36  34  32  33  32  36
 163 127 154 126 108 148 130  42  35  33  35  35  35  36  34  33
 164 123 140  79  94 167 126  42  33  36  35  34  33  34  36  30
 161 123 149 127 123 163 115  41  32  33  33  35  33  36  36  33
 159 125 140 121 107 167 116  48  42  43  44  43  41  46  44  39
 158 143 143  87 102 144 133 103 105 116 118 122 124 131 118 119
 165 124 156 140 134  93 164 166 164 165 161 163 164 167 165 167
 157 176 165 145 139  91 168 166 164 166 162 168 166 164 166 170
 160 173 165  96  86  93 167 166 164 163 166 167 163 165 169 165
 164 177 179 116 103 126 167 168 166 162 167 165 165 165 169 169
 166 178 174 129 172 103 168 165 164 166 162 162 166 161 167 168
 163 175 170 124 160 125 161 162 159 160 164 167 167 164 169 172
 132 139 134 152 157 159 151 148 142 134 136 124 123 122 121 122
 162 159 158 158 158 156 157 156 157 154 154 152 154 153 154 159
 161 124 141  93  94 124 132  84  84  83  84  86  82  79  78  77
 160 102 146  89 104 148 117  32  30  31  31  32  31  31  31  31
 162  96 142  83  88 134 118  32  31  29  29  31  33  31  31  31
 165  99 150 104  96 143 120  31  32  31  29  30  31  31  32  31
 160  99 128  66  88 156 120  32  32  30  29  31  30  32  31  32
 160  98 138 109 108 152 103  31  32  31  30  31  30  31  32  32
 159 107 136 115  97 155  98  29  30  30  29  30  30  31  32  32
 160 123 135  79 101 137 126  95  99 106 110 111 113 116 101  98
 161 111 146 112 108  78 153 154 153 153 153 152 151 152 153 156
 158 163 155 137 137  91 154 154 154 154 152 153 152 154 157 160
 158 159 146  69  73  95 152 154 154 156 153 154 154 155 155 162
 162 158 157  99  83 115 152 154 153 155 153 155 155 154 154 162
 162 158 137 113 160  80 159 155 155 153 155 155 154 155 155 164
 164 159 160 113 147 111 155 154 155 154 153 153 153 154 155 164
 140 135 132 145 148 144 142 137 135 128 125 121 125 126 125 132
 154 151 151 154 151 150 147 149 149 146 148 146 145 149 147 147
 148 126 136  99  98 119 124  87  82  82  82  88  83  80  76  77
 151 103 138  92 108 147 107  32  31  31  32  30  31  33  32  32
 150  97 135  91  91 129 105  30  30  31  31  33  30  33  33  31
 148  94 141 103 100 134 106  32  30  32  31  32  30  31  29  31
 146  98 123  74  91 149 108  33  30  32  31  30  32  31  32  31
 146  94 136 105 116 148 100  31  30  32  31  30  31  31  30  33
 146 105 133 109  96 149 102  32  33  33  34  32  34  33  32  33
 148 116 133  89 102 137 124  92  96  98 100 102 108 105  91  82
 147 109 140 106 101  84 147 149 151 146 148 147 152 150 147 138
 149 154 145 130 131  92 149 152 150 149 151 147 148 150 146 142
 150 151 134  69  72 102 150 151 150 145 147 146 148 148 147 141
 157 155 148  97  80 123 151 150 148 146 149 144 147 147 149 141
 157 156 123 116 155  86 148 149 149 146 147 151 148 150 149 143
 154 154 148 110 142 111 145 148 148 147 146 150 148 151 151 144
 134 134 133 143 142 144 141 137 131 126 124 123 122 124 124 122

 170  91  35  36  33  30  33  39 119 167 170 165 169 168 172 122
 173  92  35  32  34  36  36  44 118 165 166 169 169 167 169 121
 161  88  34  33  36  34  36  46 131 167 164 165 165 161 164 122
 161  90  34  32  35  33  33  41 124 164 166 163 165 166 167 123
 165  94  33  34  35  34  35  43 122 163 168 167 165 162 167 124
 161  88  34  36  35  35  33  44 118 161 162 166 167 162 164 136
 160  87  32  32  33  36  33  43 116 165 166 163 162 166 160 134
 158  84  33  34  35  33  32  42 105 164 164 164 166 164 159 142
 163  92  39  43  42  42  41  48 103 166 166 166 168 165 162 148
 165 147 130 128 130 126 115 116 133 164 168 167 167 168 161 151
 166 131 153 134 148 167 163 167 144  93  91  93 126 103 125 159
 166 109 115  91 108  94 123 107 102 134 139  86 103 172 160 157
 171 111 106  97 126  79 127 121  87 140 145  96 116 129 124 152
 174 153 155 149 154 140 149 140 143 156 165 165 179 174 170 134
 179 152 137 129 127 123 123 125 143 124 176 173 177 178 175 139
 164 161 164 162 163 164 161 159 158 165 157 160 164 166 163 132
 159  77  31  31  31  32  32  32  98 156 160 162 162 164 164 132
 154  78  31  31  32  31  32  32 101 153 157 155 154 155 155 125
 153  79  31  31  31  32  31  31 116 152 154 155 154 155 154 126
 154  82  31  33  31  30  30  30 113 151 152 154 155 154 153 125
 152  86  32  31  30  31  31  30 111 152 153 154 155 155 153 121
 154  84  31  29  29  29  30  29 110 153 152 153 153 155 153 125
 154  83  31  29  31  30  31  30 106 153 154 156 155 153 154 128
 157  84  30  31  32  32  32  30  99 153 154 154 153 155 155 135
 156  84  32  32  31  32  31  29  95 154 154 154 154 155 154 137
 157 132 117 118 120 120 103  98 126 153 154 152 152 159 155 142
 156 124 148 134 143 156 152 155 137  78  91  95 115  80 111 144
 158  94 104  88  96  88 108  97 101 108 137  73  83 160 147 148
 158  93  89  83 104  66 109 115  79 112 137  69  99 113 113 145
 158 141 146 142 150 128 138 136 135 146 155 146 157 137 160 132
 159 124 102  96  99  99  98 107 123 111 163 159 158 158 159 135
 162 161 160 162 165 160 160 159 160 161 158 158 162 162 164 140
 147  77  32  31  31  31  33  33  82 138 142 141 141 143 144 122
 147  76  32  33  29  32  30  32  91 147 146 147 149 149 151 124
 149  80  33  33  31  31  31  33 105 150 150 148 147 150 151 124
 145  83  31  30  30  32  31  34 108 152 148 148 147 148 148 122
 146  88  30  33  32  30  30  32 102 147 147 146 144 151 150 123
 148  82  32  31  31  31  31  34 100 148 151 147 149 147 146 124
 146  82  31  31  32  32  32  33  98 146 149 145 146 146 147 126
 149  82  31  30  30  30  30  33  96 151 150 150 148 149 148 131
 149  87  32  30  32  33  31  32  92 149 152 151 150 149 148 137
 147 124 107 105 106 108 100 102 124 147 149 150 151 148 145 141
 150 119 147 129 134 149 148 149 137  84  92 102 123  86 111 144
 151  98 108  91 100  91 116  96 102 101 131  72  80 155 142 142
 154  99  92  91 103  74 105 109  89 106 130  69  97 116 110 143
 151 136 138 135 141 123 136 133 133 140 145 134 148 123 148 133
 151 126 103  97  94  98  94 105 116 109 154 151 155 156 154 134
 154 148 151 150 148 146 146 146 148 147 149 150 157 157 154 134

 122 121 122 123 124 136 134 142 148 151 159 157 152 134 139 132
 172 169 164 167 167 164 160 159 162 161 125 160 124 170 175 163
 168 167 161 166 162 162 166 164 165 168 103 172 129 174 178 166
 169 169 165 165 165 167 162 166 168 167 126 103 116 179 177 164
 165 169 165 163 167 166 163 164 166 167  93  86  96 165 173 160
 170 166 164 166 168 162 166 164 166 168  91 139 145 165 176 157
 167 165 167 164 163 161 165 164 166 164  93 134 140 156 124 165
 119 118 131 124 122 118 116 105 103 133 144 102  87 143 143 158
  39  44  46  41  43  44  43  42  48 116 167 107 121 140 125 159
  33  36  36  33  35  33  33  32  41 115 163 123 127 149 123 161
  30  36  34  33  34  35  36  33  42 126 167  94  79 140 123 164
  33  34  36  35  35  35  33  35  42 130 148 108 126 154 127 163
  36  32  33  32  34  36  32  34  43 128 134  91  97 149 129 162
  35  35  34  34  33  34  32  33  39 130 153 115 106 155 137 164
  91  92  88  90  94  88  87  84  92 147 131 109 111 153 152 161
 170 173 161 161 165 161 160 158 163 165 166 166 171 174 179 164
 132 125 126 125 121 125 128 135 137 142 144 148 145 132 135 140
 164 155 154 153 153 153 154 155 154 155 111 147 113 160 159 164
 164 155 155 154 155 155 153 155 155 159  80 160 113 137 158 162
 162 154 154 155 155 153 155 153 154 152 115  83  99 157 158 162
 162 155 155 154 154 153 156 154 154 152  95  73  69 146 159 158
 160 157 154 152 153 152 154 154 154 154  91 137 137 155 163 158
 156 153 152 151 152 153 153 153 154 153  78 108 112 146 111 161
  98 101 116 113 111 110 106  99  95 126 137 101  79 135 123 160
  32  32  31  30  30  29  30  30  29  98 155  97 115 136 107 159
  32  32  31  30  31  30  31  32  31 103 152 108 109 138  98 160
  32  31  32  30  31  29  30  32  32 120 156  88  66 128  99 160
  31  32  31  31  30  29  31  32  31 120 143  96 104 150  99 165
  31  31  31  33  31  29  29  31  32 118 134  88  83 142  96 162
  31  31  31  31  32  31  31  30  32 117 148 104  89 146 102 160
  77  78  79  82  86  84  83  84  84 132 124  94  93 141 124 161
 159 154 153 154 152 154 154 157 156 157 156 158 158 158 159 162
 122 124 124 122 123 124 126 131 137 141 144 142 143 133 134 134
 144 151 151 148 150 146 147 148 148 145 111 142 110 148 154 154
 143 149 150 148 151 147 146 149 149 148  86 155 116 123 156 157
 141 149 147 147 144 149 146 148 150 151 123  80  97 148 155 157
 141 147 148 148 146 147 145 150 151 150 102  72  69 134 151 150
 142 146 150 148 147 151 149 150 152 149  92 131 130 145 154 149
 138 147 150 152 147 148 146 151 149 147  84 101 106 140 109 147
  82  91 105 108 102 100  98  96  92 124 137 102  89 133 116 148
  33  32  33  34  32  34  33  33  32 102 149  96 109 133 105 146
  33  30  31  31  30  31  32  30  31 100 148 116 105 136  94 146
  31  32  31  32  30  31  32  30  33 108 149  91  74 123  98 146
  31  29  31  30  32  31  32  30  32 106 134 100 103 141  94 148
  31  33  33  30  33  31  31  30  30 105 129  91  91 135  97 150
  32  32  33  31  30  32  31  31  32 107 147 108  92 138 103 151
  77  76  80  83  88  82  82  82  87 124 119  98  99 136 126 148
 147 147 149 145 146 148 146 149 149 147 150 151 154 151 151 154

 132 163 166 164 160 157 165 158 159 161 164 163 162 164 161 164
 139 175 178 177 173 176 124 143 125 123 123 127 129 137 152 179
 134 170 174 179 165 165 156 143 140 149 140 154 149 155 153 174
 152 124 129 116  96 145 140  87 121 127  79 126  97 106 111 171
 157 160 172 103  86 139 134 102 107 123  94 108  91 115 109 166
 159 125 103 126  93  91  93 144 167 163 167 148 134 153 131 166
 151 161 168 167 167 168 164 133 116 115 126 130 128 130 147 165
 148 162 165 168 166 166 166 103  48  41  42  42  43  39  92 163
 142 159 164 166 164 164 164 105  42  32  33  35  34  33  84 158
 134 160 166 162 163 166 165 116  43  33  36  33  32  32  87 160
 136 164 162 167 166 162 161 118  44  33  35  35  36  34  88 161
 124 167 162 165 167 168 163 122  43  35  34  35  34  33  94 165
 123 167 166 165 163 166 164 124  41  33  33  35  32  34  90 161
 122 164 161 165 165 164 167 131  46  36  34  36  33  34  88 161
 121 169 167 169 169 166 165 118  44  36  36  34  32  35  92 173
 122 172 168 169 165 170 167 119  39  33  30  33  36  35  91 170
 140 164 162 162 158 158 161 160 159 160 160 165 162 160 161 162
 135 159 158 158 159 163 111 123 107  98  99  99  96 102 124 159
 132 160 137 157 146 155 146 135 136 138 128 150 142 146 141 158
 145 113 113  99  69 137 112  79 115 109  66 104  83  89  93 158
 148 147 160  83  73 137 108 101  97 108  88  96  88 104  94 158
 144 111  80 115  95  91  78 137 155 152 156 143 134 148 124 156
 142 155 159 152 152 154 153 126  98 103 120 120 118 117 132 157
 137 154 155 154 154 154 154  95  29  31  32  31  32  32  84 156
 135 155 155 153 154 154 153  99  30  32  32  32  31  30  84 157
 128 154 153 155 156 154 153 106  30  31  30  31  29  31  83 154
 125 153 155 153 153 152 153 110  29  30  29  29  29  31  84 154
 121 153 155 155 154 153 152 111  30  31  31  30  31  32  86 152
 125 153 154 155 154 152 151 113  30  30  30  31  33  31  82 154
 126 154 155 154 155 154 152 116  31  31  32  31  31  31  79 153
 125 155 155 154 155 157 153 101  32  32  31  32  31  31  78 154
 132 164 164 162 162 160 156  98  32  32  32  31  31  31  77 159
 134 154 157 157 150 149 147 148 146 146 146 148 150 151 148 154
 134 154 156 155 151 154 109 116 105  94  98  94  97 103 126 151
 133 148 123 148 134 145 140 133 133 136 123 141 135 138 136 151
 143 110 116  97  69 130 106  89 109 105  74 103  91  92  99 154
 142 142 155  80  72 131 101 102  96 116  91 100  91 108  98 151
 144 111  86 123 102  92  84 137 149 148 149 134 129 147 119 150
 141 145 148 151 150 149 147 124 102 100 108 106 105 107 124 147
 137 148 149 150 151 152 149  92  32  31  33  32  30  32  87 149
 131 148 149 148 150 150 151  96  33  30  30  30  30  31  82 149
 126 147 146 146 145 149 146  98  33  32  32  32  31  31  82 146
 124 146 147 149 147 151 148 100  34  31  31  31  31  32  82 148
 123 150 151 144 146 147 147 102  32  30  30  32  33  30  88 146
 122 148 148 147 148 148 152 108  34  31  32  30  30  31  83 145
 124 151 150 147 148 150 150 105  33  31  31  31  33  33  80 149
 124 151 149 149 147 146 147  91  32  30  32  29  33  32  76 147
 122 144 143 141 141 142 138  82  33  33  31  31  31  32  77 147

